0 13 1 0.0818847833579255 4 0.14231957201338719 6 0.19363448655297483 7 0.13472568960511472 8 0.20305767208850128 10 0.16151464585920824 11 0.11212593147264002 12 0.19358054070047293 14 0.12963445295079412 16 0.14667262075324042 17 0.12868531064499056 18 0.1460809364202687 19 0.12684686172237294 
1 9 0 0.0818847833579255 2 0.14815523599625538 4 0.18637589330955115 5 0.1309124338710681 11 0.16307673447396326 13 0.19350886243704318 14 0.13393112336913499 16 0.07650081741662555 18 0.1544330541478576 
2 7 1 0.14815523599625538 3 0.17887758894417297 6 0.14187379705469771 8 0.16658496631925077 13 0.16494626083552802 18 0.15052685229802626 20 0.12529799791392088 
3 3 2 0.17887758894417297 9 0.17829585249036214 13 0.1802228798767269 
4 10 0 0.14231957201338719 1 0.18637589330955115 5 0.15371509362346059 8 0.17144312738046866 9 0.13075381531168978 10 0.08350325892917762 12 0.18194095807615043 14 0.13912808731168033 15 0.10894850030143553 19 0.13160607794134987 
5 7 1 0.1309124338710681 4 0.15371509362346059 7 0.14704603432313293 15 0.12196744764823676 16 0.125214040633128 18 0.11861337890239766 20 0.16433797510471268 
6 3 2 0.14187379705469771 0 0.19363448655297483 20 0.10875182540408818 
7 5 0 0.13472568960511472 5 0.14704603432313293 12 0.16649797433431937 16 0.16529128495729536 17 0.1409899480052037 
8 5 2 0.16658496631925077 4 0.17144312738046866 0 0.20305767208850128 9 0.14491107022515898 19 0.14001528421522053 
9 4 4 0.13075381531168978 8 0.14491107022515898 3 0.17829585249036214 10 0.09024185900593416 
10 6 4 0.08350325892917762 9 0.09024185900593416 0 0.16151464585920824 11 0.19050891423100497 15 0.14946045660719115 20 0.16481185739417945 
11 3 1 0.16307673447396326 0 0.11212593147264002 10 0.19050891423100497 
12 3 7 0.16649797433431937 4 0.18194095807615043 0 0.19358054070047293 
13 3 2 0.16494626083552802 3 0.1802228798767269 1 0.19350886243704318 
14 4 0 0.12963445295079412 4 0.13912808731168033 1 0.13393112336913499 19 0.11507215295752818 
15 4 4 0.10894850030143553 5 0.12196744764823676 10 0.14946045660719115 17 0.17613451736587438 
16 5 5 0.125214040633128 0 0.14667262075324042 1 0.07650081741662555 7 0.16529128495729536 17 0.16615923391433643 
17 4 7 0.1409899480052037 0 0.12868531064499056 16 0.16615923391433643 15 0.17613451736587438 
18 4 0 0.1460809364202687 5 0.11861337890239766 2 0.15052685229802626 1 0.1544330541478576 
19 4 14 0.11507215295752818 0 0.12684686172237294 4 0.13160607794134987 8 0.14001528421522053 
20 4 6 0.10875182540408818 2 0.12529799791392088 10 0.16481185739417945 5 0.16433797510471268 
-
0 0
1 7 0.0958904109589041 0.0958904109589041 0.1095890410958904 0.1095890410958904 0.136986301369863 0.17123287671232876 0.2876712328767123 0.4794520547945205 0.5205479452054794 0.5273972602739726 0.8561643835616438 0.8835616438356164 0.910958904109589 0.9931506849315068
2 0
3 3 0.3424657534246575 0.3493150684931507 0.8561643835616438 0.8561643835616438 0.9931506849315068 0.9931506849315068
4 3 0.0 0.07534246575342465 0.10273972602739725 0.13013698630136986 0.19863013698630136 0.2808219178082192
5 0
6 5 0.0 0.07534246575342465 0.08904109589041095 0.4041095890410959 0.4520547945205479 0.4794520547945205 0.8561643835616438 0.8767123287671232 0.910958904109589 0.9931506849315068
7 0
8 8 0.06164383561643835 0.07534246575342465 0.08904109589041095 0.0958904109589041 0.136986301369863 0.2602739726027397 0.2876712328767123 0.4041095890410959 0.4178082191780822 0.4794520547945205 0.5205479452054794 0.5205479452054794 0.6986301369863014 0.7123287671232876 0.8561643835616438 0.9931506849315068
9 0
10 6 0.0136986301369863 0.07534246575342465 0.10273972602739725 0.1232876712328767 0.19863013698630136 0.3698630136986301 0.4794520547945205 0.4794520547945205 0.8561643835616438 0.8561643835616438 0.952054794520548 0.9931506849315068
11 0
12 0
13 0
14 0
15 0
16 0
17 8 0.0 0.00684931506849315 0.0684931506849315 0.07534246575342465 0.08904109589041095 0.0958904109589041 0.13013698630136986 0.23972602739726026 0.2876712328767123 0.4794520547945205 0.5205479452054794 0.5273972602739726 0.6986301369863014 0.7054794520547946 0.8561643835616438 0.9931506849315068
18 5 0.0684931506849315 0.07534246575342465 0.1917808219178082 0.2328767123287671 0.2945205479452055 0.3904109589041096 0.8561643835616438 0.863013698630137 0.9726027397260274 0.9931506849315068
19 6 0.0410958904109589 0.07534246575342465 0.08904109589041095 0.1095890410958904 0.136986301369863 0.4041095890410959 0.4589041095890411 0.4794520547945205 0.8561643835616438 0.8767123287671232 0.910958904109589 0.9931506849315068
20 0
-
