0 6 1 0.0818847833579255 4 0.14231957201338719 6 0.19363448655297483 7 0.13472568960511472 8 0.20305767208850128 10 0.16151464585920824 
1 4 0 0.0818847833579255 2 0.14815523599625538 4 0.18637589330955115 5 0.1309124338710681 
2 4 1 0.14815523599625538 3 0.17887758894417297 6 0.14187379705469771 8 0.16658496631925077 
3 2 2 0.17887758894417297 9 0.17829585249036214 
4 6 0 0.14231957201338719 1 0.18637589330955115 5 0.15371509362346059 8 0.17144312738046866 9 0.13075381531168978 10 0.08350325892917762 
5 3 1 0.1309124338710681 4 0.15371509362346059 7 0.14704603432313293 
6 2 2 0.14187379705469771 0 0.19363448655297483 
7 2 0 0.13472568960511472 5 0.14704603432313293 
8 4 2 0.16658496631925077 4 0.17144312738046866 0 0.20305767208850128 9 0.14491107022515898 
9 4 4 0.13075381531168978 8 0.14491107022515898 3 0.17829585249036214 10 0.09024185900593416 
10 3 4 0.08350325892917762 9 0.09024185900593416 0 0.16151464585920824 
-
0 0
1 7 0.0958904109589041 0.0958904109589041 0.1095890410958904 0.1095890410958904 0.136986301369863 0.17123287671232876 0.2876712328767123 0.4794520547945205 0.5205479452054794 0.5273972602739726 0.8561643835616438 0.8835616438356164 0.910958904109589 0.9931506849315068
2 0
3 3 0.3424657534246575 0.3493150684931507 0.8561643835616438 0.8561643835616438 0.9931506849315068 0.9931506849315068
4 3 0.0 0.07534246575342465 0.10273972602739725 0.13013698630136986 0.19863013698630136 0.2808219178082192
5 0
6 5 0.0 0.07534246575342465 0.08904109589041095 0.4041095890410959 0.4520547945205479 0.4794520547945205 0.8561643835616438 0.8767123287671232 0.910958904109589 0.9931506849315068
7 0
8 8 0.06164383561643835 0.07534246575342465 0.08904109589041095 0.0958904109589041 0.136986301369863 0.2602739726027397 0.2876712328767123 0.4041095890410959 0.4178082191780822 0.4794520547945205 0.5205479452054794 0.5205479452054794 0.6986301369863014 0.7123287671232876 0.8561643835616438 0.9931506849315068
9 0
10 6 0.0136986301369863 0.07534246575342465 0.10273972602739725 0.1232876712328767 0.19863013698630136 0.3698630136986301 0.4794520547945205 0.4794520547945205 0.8561643835616438 0.8561643835616438 0.952054794520548 0.9931506849315068
-
